😀 0 3 1 0 0 0 0 0 0.9643 1.00
😃 1 3 1 0 1 0 0 0 0.9286 0.9
😄 1 3 2 0 1 0 0 0 0.9184 1.00
😁 0 4 1 0 0 0 0 0 0.9714 1.00
😆 0 5 1 0 0 0 0 0 0.9762 1.00
😅 3 0 0 0 1 0 1 0 0.7286 0.7
😂 0 4 2 0 1 0 0 0 0.9286 1.00
🤣 0 5 0 0 2 0 0 0 0.9388 1.00
☺ 1 2 0 0 0 0 0 0 0.9762 0.9
😊 1 2 0 0 0 0 0 0 0.9762 0.8
😇 0 1 1 0 0 0 0 0 0.9286 0.7
🙂 0 1 0 0 1 0 0 0 0.8929 0.5
🙃 0 0 1 0 1 2 0 0 0.4107 0.3
😉 1 2 1 0 0 0 0 0 0.9464 0.8
😌 2 1 0 0 1 1 0 0 0.7286 0.7
😍 1 3 4 0 0 0 0 0 0.9196 0.8
😘 0 4 3 0 0 0 0 0 0.9388 0.8
😗 0 4 1 0 0 0 0 0 0.9714 1.00
😙 0 4 1 0 0 0 0 0 0.9714 0.9
😚 0 5 0 0 0 0 0 0 1.000 0.9
😋 3 3 0 0 1 0 0 0 0.9388 1.00
😜 3 4 2 0 0 0 0 0 0.9444 1.00
😝 1 4 1 0 0 0 0 0 0.9643 1.00
😛 2 2 2 0 0 0 0 0 0.9286 0.9
🤑 3 2 3 0 0 0 0 0 0.9196 1.00
🤗 3 4 4 0 0 0 0 0 0.9286 1.00
🤓 3 3 3 0 0 0 0 0 0.9286 1.00
😎 0 5 0 0 0 0 0 0 1.000 0.9
🤡 3 3 0 3 0 0 0 0 0.6905 0.2
🤠 3 4 0 0 0 0 0 0 0.9694 1.00
😏 5 5 5 0 0 0 0 0 0.9286 0.3
😒 0 0 0 0 0 3 2 2 0.0408 1.00
😞 0 0 0 2 0 4 1 3 0.0571 1.00
😔 0 0 0 2 0 3 3 1 0.0635 0.7
😟 3 0 0 4 0 4 1 1 0.2692 0.9
😕 2 0 0 1 0 2 2 1 0.2768 1.00
🙁 2 0 0 1 0 3 3 1 0.2286 1.00
🙁 2 0 0 1 0 4 4 1 0.1964 1.00
😣 2 0 0 1 0 5 5 1 0.1735 0.9
😖 0 0 0 2 0 1 3 0 0.0833 1.00
😫 0 0 0 0 1 3 1 0 0.1714 1.00
😩 0 0 0 0 1 2 1 0 0.2143 0.5
😤 1 0 0 0 0 0 0 3 0.2857 0.7
😠 2 0 0 0 0 0 0 4 0.3571 1.00
😡 2 0 0 0 0 0 0 5 0.3163 0.8
😶 0 0 0 0 3 0 0 0 0.7857 0.5
😐 0 0 0 0 2 0 0 0 0.7857 1.00
😑 0 0 0 0 1 0 0 0 0.7857 0.9
😯 0 0 1 0 4 0 0 0 0.8000 1.00
😦 0 0 0 2 3 1 0 0 0.4405 1.00
😧 0 0 0 3 4 1 0 0 0.4464 1.00
😮 0 0 1 0 5 0 0 0 0.7976 1.00
😲 0 0 0 0 5 0 0 0 0.7857 1.00
😵 0 0 0 1 2 1 1 0 0.3571 0.9
😳 0 1 1 1 3 0 0 0 0.7262 1.00
😱 0 0 0 5 4 2 0 0 0.3506 0.6
😨 0 0 0 5 5 0 0 0 0.4643 0.9
😰 0 0 0 3 4 0 0 0 0.5102 1.00
😢 0 0 0 3 0 5 0 0 0.0536 1.00
😥 0 0 0 2 0 4 0 0 0.0476 1.00
🤤 0 4 2 0 0 0 0 0 0.9524 1.00
😭 0 3 0 2 4 3 2 1 0.4429 0.9
😓 0 0 0 2 3 3 3 0 0.2597 1.00
😪 0 0 0 0 0 2 0 0 0.0000 0.9
😴 0 0 5 0 0 0 0 0 0.8571 0.9
🙄 0 0 0 0 3 2 4 0 0.2937 0.2
🤔 3 0 0 2 4 0 0 0 0.6905 0.9
🤥 0 0 0 0 3 0 0 0 0.7857 1.00
😬 0 5 0 0 3 0 0 0 0.9196 1.00
🤐 2 0 0 3 0 0 2 0 0.3469 0.8
🤢 3 0 0 5 0 4 4 0 0.2366 0.6
🤧 0 0 0 2 0 2 1 0 0.0714 1.00
😷 3 0 2 4 0 3 2 0 0.3724 0.7
🤒 2 0 0 3 0 4 4 0 0.1978 1.00
🤕 3 0 0 0 0 5 4 0 0.2560 1.00
😈 2 4 0 2 0 0 0 0 0.7679 0.5
👿 2 0 0 4 0 4 4 4 0.1667 0.5
👹 0 0 0 5 0 0 0 5 0.1071 1.00
👺 0 0 0 5 0 0 0 5 0.1071 0.8
💩 0 0 0 3 0 3 3 3 0.0714 0.5
🙏 4 1 2 0 0 0 0 0 0.9184 0.9
🤝 1 1 5 0 0 0 0 0 0.8878 1.00
👍 0 5 5 0 1 0 0 0 0.9156 0.1
👎 0 0 0 0 1 0 5 5 0.1364 1.00
👊 2 3 4 0 1 0 0 0 0.9071 0.9
✊ 0 0 1 0 1 2 4 4 0.1845 0.5
🤛 1 2 3 0 1 0 0 0 0.8980 1.00
🤜 1 2 3 0 1 0 0 0 0.8980 1.00
🤞 5 1 1 0 1 0 0 0 0.9107 1.00
✌ 0 4 4 0 0 0 0 0 0.9286 0.9
🤘 2 4 3 0 1 0 0 0 0.9214 1.00
👌 1 3 5 0 1 0 0 0 0.9000 0.7
👈 3 0 0 0 0 0 1 0 0.7143 1.00
👉 3 0 0 0 0 0 1 0 0.7143 1.00
👆 3 0 0 0 0 0 1 0 0.7143 1.00
👇 3 0 0 0 0 0 1 0 0.7143 1.00
☝ 3 0 0 0 0 0 1 0 0.7143 1.00
✋ 4 2 1 0 0 0 2 0 0.7460 1.00
🤚 4 2 1 0 0 0 2 0 0.7460 1.00
🖐 2 4 2 0 1 0 1 0 0.8429 1.00
